429
571
176
691
662
521
204
503
975
879
743
987
384
456
608
778
482
906
796
61
333
778
504
446
181
696
817
2
201
89
892
224
843
919
864
82
847
141
514
522
671
677
451
639
693
924
143
711
744
364
815
727
519
261
88
745
591
50
73
214
83
79
852
161
113
601
922
189
213
830
685
339
404
838
14
27
404
791
662
193
141
331
807
384
747
871
615
328
399
243
58
844
499
153
277
663
987
438
496
158
304
734
343
981
629
269
92
668
677
242
457
129
783
429
77
641
535
123
874
393
864
162
625
902
414
892
877
813
683
407
510
562
967
777
458
742
839
283
83
688
192
646
591
885
283
800
180
474
479
419
584
601
259
508
629
388
253
428
371
49
716
212
557
771
196
576
452
499
563
562
128
535
165
118
745
805
167
462
879
643
209
942
142
584
319
634
212
79
303
179
69
743
62
454
329
692
834
257
810
320
954
8
574
654
835
230
148
988
789
993
868
425
892
314
652
363
58
228
731
917
288
675
675
188
871
780
807
755
495
235
394
787
103
312
964
873
343
423
673
261
517
351
217
43
806
853
378
28
836
813
858
290
97
106
439
263
913
67
240
702
707
228
249
358
301
841
398
131
798
480
709
634
145
717
922
248
204
146
663
124
990
505
320
117
495
475
970
696
524
356
465
410
780
793
633
36
784
808
632
860
587
796
495
284
741
378
355
585
183
615
460
808
708
833
94
759
930
500
656
576
792
885
482
738
446
48
244
674
684
663
678
642
18
564
669
379
543
723
52
494
888
164
122
698
277
419
666
451
473
358
374
792
437
960
87
828
204
820
862
524
740
86
498
492
485
779
384
980
958
164
561
103
646
317
506
580
79
565
529
801
445
311
485
105
861
92
549
551
675
794
899
365
574
746
837
94
111
86
395
541
108
272
906
377
675
844
759
710
780
529
958
899
125
23
454
827
14
21
967
334
349
189
816
182
286
346
672
967
383
668
239
119
736
11
723
859
63
163
733
216
223
854
850
989
280
911
55
572
896
696
187
28
735
934
136
618
241
529
529
704
884
140
65
856
405
618
398
521
423
991
29
874
388
278
229
79
396
484
356
400
776
627
562
106
824
484
793
186
687
971
286
445
894
319
893
691
847
781
38
104
10
732
93
91
362
497
741
768
479
164
182
540
861
145
447
772
657
542
223
212
954
758
134
724
609
359
228
885
965
817
925
925
890
509
982
751
641
55
781
515
861
949
811
435
968
902
630
998
307
965
319
970
862
918
255
255
591
163
809
537
43
494
751
914
581
682
538
116
310
225
234
740
600
725
241
726
685
425
476
516
483
563
959
800
601
602
671
404
823
926
675
861
246
81
171
982
825
981
629
108
697
462
282
387
426
64
960
262
966
876
69
764
948
922
518
463
497
562
382
316
279
708
989
249
66
512
666
61
634
309
507
984
972
573
111
550
26
879
440
182
316
703
427
845
762
806
995
587
166
322
723
981
794
917
505
244
633
276
937
840
555
36
791
49
49
469
177
359
238
871
754
294
190
971
975
583
165
15
875
968
490
136
564
141
481
85
537
772
442
506
205
696
601
663
850
600
231
692
506
125
396
56
20
711
705
712
484
641
451
261
666
535
90
662
74
474
944
149
612
212
893
457
862
840
930
287
768
903
112
987
23
727
119
232
978
283
568
187
338
557
433
614
534
617
755
239
728
503
57
27
774
33
550
842
2
542
635
607
531
441
230
799
12
259
999
177
765
539
951
377
450
159
529
352
71
241
579
611
795
115
971
340
702
220
23
155
708
762
654
745
676
468
42
767
537
823
822
66
437
302
967
683
619
296
523
316
991
472
840
6
116
493
665
420
424
530
826
431
841
319
516
778
632
832
181
367
238
642
678
443
834
148
650
576
280
658
233
119
388
507
999
898
991
632
781
801
386
590
267
951
987
78
98
4
779
614
117
438
259
969
682
615
484
308
820
791
79
217
360
905
570
115
571
514
49
540
468
840
209
546
870
892
284
591
150
98
985
819
361
868
20
879
915
940
40
563
343
549
448
75
922
917
446
783
415
347
747
539
327
775
933
513
751
963
207
592
966
855
899
984
188
25
527
189
730
307
978
727
679
168
234
857
135
980
217
23
421
793
259
701
902
723
117
670
949
706
704
561
507
323
302
196
431
213
211
480
422
728
539
748
212
91
202
45
560
321
924
937
437
446
637
798
562
572
709
359
838
551
398
138
759
440
768
45
686
554
581
541
890
763
363
520
630
569
935
478
837
447
431
806
